AVERAGE: 0.925321074483798
MIN: 2.0832486760781554
MAX: 1.311579056687404
